x = 0:0.01:2*pi
y  x